## Detector map, format:
sbs.hcal.detmap =
## FADC modules        #     Module number that starts at channel 0
## This map is for the 12 fADC modules used for testing
## as described in https://logbooks.jlab.org/entry/3480927
#Last update 10.6.22
## crate slot start_channel end_channel ref_channel(0:HCal cosmic, 2:Beam)
#  21    16     8     8	
#  22    19     0     11
#  22    20     0     11
  16   3      0     15 2
  16   4      0     15 2
  16   5      0     15 2
  16   6      0     15 2
  16   7      0     15 2
  16   8      0     15 2
  16   9      0     15 2
  16   10     0     15 2
  16   13     0     15 2
  16   14     0     15 2
  16   15     0     15 2
  16   16     0     15 2
  16   17     0     15 2
  16   18     0     15 2
  16   19     0     15 2
  16   20     0     15 2
  17   19     0     15 2 #     16
  17   20     0     15 2 #     16
  #17   18     0     0  2 # 1 channel. Ref fADC (copy of sum trig with pulse shaper).
  17    4     0    31 2 # 32 channels
  17    4     32   63 2 # 32 channels
  17    5     0    31 2 # 32 channels
  17    5     32   63 2 # 32 channels
  17    6     0    31 2 # 32 channels
  17    6     32   63 2 # 32 channels
  17    7     0    31 2 # 32 channels
  17    7     32   63 2 # 32 channels
  17    8     0    31 2 # 32 channels
  17    8     32   32 2 # 1 channel. Sum module trigger copy (logical). sbs.hcal.Ref.tdc[0]
  17    8     34   34 2 # 1 channel. Copy of DVCS pulser EDTM signal (logical). sbs.hcal.Ref.tdc[1]
  17    8     35   35 2 # 1 channel. Copy of BB trigger (logical). TDC reference channel. sbs.hcal.Ref.tdc[2]
  17    8     36   36 2 # 1 channel. RF (logical). sbs.hcal.Ref.tdc[3]

sbs.hcal.ledmap = 16 30

## Channel map from channel to logical channel
sbs.hcal.start_chanmap=1
sbs.hcal.chanmap = 
#fADC Logical Mapping
##   Ch1   2   3   4   5   6   7   8   9   10  11  12  13  14  15  16 #
##----------------------------------------------------------------
#1
#       1   7   2   8   3   9   4   10  5   11  6   12 
#       13  19  14  20  15  21  16  22  17  23  18  24
	73  79  74  80  75  81  76  82  77  83  78  84  109 115 110 116   #fADC 1
	85  91  86  92  87  93  88  94  89  95  90  96  111 117 112 118   #fADC 2
	97  103 98  104 99  105 100 106 101 107 102 108 113 119 114 120   #fADC 3
	121 127 122 128 123 129 124 130 125 131 126 132 13  19  14  20    #fADC 4
	133 139 134 140 135 141 136 142 137 143 138 144 15  21  16  22    #fADC 5 
	1   7   2   8   3   9   4   10  5   11  6   12  17  23  18  24    #fADC 6
	25  31  26  32  27  33  28  34  29  35  30  36  61  67  62  68    #fADC 7
	37  43  38  44  39  45  40  46  41  47  42  48  63  69  64  70    #fADC 8
	49  55  50  56  51  57  52  58  53  59  54  60  65  71  66  72    #fADC 9
	145 151 146 152 147 153 148 154 149 155 150 156 181 187 182 188   #fADC 10
 	157 163 158 164 159 165 160 166 161 167 162 168 183 189 184 190   #fADC 11
	169 175 170 176 171 177 172 178 173 179 174 180 185 191 186 192   #fADC 12
	193 199 194 200 195 201 196 202 197 203 198 204 229 235 230 236   #fADC 13
	205 211 206 212 207 213 208 214 209 215 210 216 231 237 232 238   #fADC 14
	217 223 218 224 219 225 220 226 221 227 222 228 233 239 234 240   #fADC 15
	241 247 242 248 243 249 244 250 245 251 246 252 277 283 278 284   #fADC 16
	253 259 254 260 255 261 256 262 257 263 258 264 279 285 280 286   #fADC 17
	265 271 266 272 267 273 268 274 269 275 270 276 281 287 282 288  #-1000  #fADC 18
#F1TDC Logical Mapping
##   Ch33  34  35  36  37  38  39  40  41  42  43  44  45  46  47  48  49  50  51  52  53  54  55  56  57  58  59  60  61  62  63  64 #
##----------------------------------------------------------------
#1
#       13  19  14  20  15  21  16  22  17  23  18  24  1   7   2   8   3   9   4   10  5   11  6   12
       85  91  86  92  87  93  88  94  89  95  90  96  111 117 112 118 73  79  74  80  75  81  76  82  77  83  78  84  109 115 110 116  #TDC 1. Ribbons 1, 2.
       169 175 170 176 171 177 172 178 173 179 174 180 185 191 186 192 157 163 158 164 159 165 160 166 161 167 162 168 183 189 184 190  #TDC 1. Ribbons 11, 12.
       121 127 122 128 123 129 124 130 125 131 126 132 13  19  14  20  97  103 98  104 99  105 100 106 101 107 102 108 113 119 114 120  #TDC 2. Ribbons 3, 4.
       205 211 206 212 207 213 208 214 209 215 210 216 231 237 232 238 193 199 194 200 195 201 196 202 197 203 198 204 229 235 230 236  #TDC 2. Ribbons 13, 14.
       1   7   2   8   3   9   4   10  5   11  6   12  17  23  18  24  133 139 134 140 135 141 136 142 137 143 138 144 15  21  16  22   #TDC 3. Ribbons 5, 6.
       241 247 242 248 243 249 244 250 245 251 246 252 277 283 278 284 217 223 218 224 219 225 220 226 221 227 222 228 233 239 234 240  #TDC 3. Ribbons 15, 16.
       37  43  38  44  39  45  40  46  41  47  42  48  63  69  64  70  25  31  26  32  27  33  28  34  29  35  30  36  61  67  62  68   #TDC 4. Ribbons 7, 8.
       265 271 266 272 267 273 268 274 269 275 270 276 281 287 282 288 253 259 254 260 255 261 256 262 257 263 258 264 279 285 280 286  #TDC 4. Ribbons 17, 18.
##   Ch1   2   3   4   5   6   7   8   9   10  11  12  13  14  15  16
       145 151 146 152 147 153 148 154 149 155 150 156 181 187 182 188 49  55  50  56  51  57  52  58  53  59  54  60  65  71  66  72   -1000  -1000  -1000  -1000  #TDC 5. Ribbons 9, 10.       

## Positions in [m] where +z is roated by sbs.theta
# note 12.175 m is the estimated distance from the first SBS GEM layer to the surface of HCAL in GEN-1 kinematics:
sbs.hcal.position = 0 0 12.175

## HCal is composed of 4 sub-assemblies each of 6x12 (row,col) modules
## Test settings for one sub-assembly
sbs.hcal.size  =  1.8567  0.9461  1.0000

## HCal is a matrix of with nrows and ncols
sbs.hcal.nrows = 24
sbs.hcal.ncols = 12

## Default tdc timewalk calibration parameters
#sbs.hcal.tdc.tw = 0.78 0.50

## Position of first module
sbs.hcal.xyz = -2.190625 -0.85217 0.0 #Overridden by detailed ypos and xpos below
## Space between modules
sbs.hcal.dxdydz = 0.15875 0.15494 0.0 #Overridden by detailed ypos and xpos below
#Updated HCal position information from GMn/GEn data from MC database center to center distance. Overall range verified via physical measurement in hall. Last update 6.15.23
#Updated xpos to CAD drawing offset value of 75cm (assuming rounding error on drawing, 29.52")
sbs.hcal.ypos =
-0.85217  -0.69723  -0.54229  -0.38735  -0.23241  -0.07747  0.07747  0.23241  0.38735  0.54229  0.69723  0.85217  
-0.85217  -0.69723  -0.54229  -0.38735  -0.23241  -0.07747  0.07747  0.23241  0.38735  0.54229  0.69723  0.85217  
-0.85217  -0.69723  -0.54229  -0.38735  -0.23241  -0.07747  0.07747  0.23241  0.38735  0.54229  0.69723  0.85217  
-0.85217  -0.69723  -0.54229  -0.38735  -0.23241  -0.07747  0.07747  0.23241  0.38735  0.54229  0.69723  0.85217  
-0.85217  -0.69723  -0.54229  -0.38735  -0.23241  -0.07747  0.07747  0.23241  0.38735  0.54229  0.69723  0.85217  
-0.85217  -0.69723  -0.54229  -0.38735  -0.23241  -0.07747  0.07747  0.23241  0.38735  0.54229  0.69723  0.85217  
-0.85217  -0.69723  -0.54229  -0.38735  -0.23241  -0.07747  0.07747  0.23241  0.38735  0.54229  0.69723  0.85217  
-0.85217  -0.69723  -0.54229  -0.38735  -0.23241  -0.07747  0.07747  0.23241  0.38735  0.54229  0.69723  0.85217  
-0.85217  -0.69723  -0.54229  -0.38735  -0.23241  -0.07747  0.07747  0.23241  0.38735  0.54229  0.69723  0.85217  
-0.85217  -0.69723  -0.54229  -0.38735  -0.23241  -0.07747  0.07747  0.23241  0.38735  0.54229  0.69723  0.85217  
-0.85217  -0.69723  -0.54229  -0.38735  -0.23241  -0.07747  0.07747  0.23241  0.38735  0.54229  0.69723  0.85217  
-0.85217  -0.69723  -0.54229  -0.38735  -0.23241  -0.07747  0.07747  0.23241  0.38735  0.54229  0.69723  0.85217  
-0.85217  -0.69723  -0.54229  -0.38735  -0.23241  -0.07747  0.07747  0.23241  0.38735  0.54229  0.69723  0.85217  
-0.85217  -0.69723  -0.54229  -0.38735  -0.23241  -0.07747  0.07747  0.23241  0.38735  0.54229  0.69723  0.85217  
-0.85217  -0.69723  -0.54229  -0.38735  -0.23241  -0.07747  0.07747  0.23241  0.38735  0.54229  0.69723  0.85217  
-0.85217  -0.69723  -0.54229  -0.38735  -0.23241  -0.07747  0.07747  0.23241  0.38735  0.54229  0.69723  0.85217  
-0.85217  -0.69723  -0.54229  -0.38735  -0.23241  -0.07747  0.07747  0.23241  0.38735  0.54229  0.69723  0.85217  
-0.85217  -0.69723  -0.54229  -0.38735  -0.23241  -0.07747  0.07747  0.23241  0.38735  0.54229  0.69723  0.85217  
-0.85217  -0.69723  -0.54229  -0.38735  -0.23241  -0.07747  0.07747  0.23241  0.38735  0.54229  0.69723  0.85217  
-0.85217  -0.69723  -0.54229  -0.38735  -0.23241  -0.07747  0.07747  0.23241  0.38735  0.54229  0.69723  0.85217  
-0.85217  -0.69723  -0.54229  -0.38735  -0.23241  -0.07747  0.07747  0.23241  0.38735  0.54229  0.69723  0.85217  
-0.85217  -0.69723  -0.54229  -0.38735  -0.23241  -0.07747  0.07747  0.23241  0.38735  0.54229  0.69723  0.85217  
-0.85217  -0.69723  -0.54229  -0.38735  -0.23241  -0.07747  0.07747  0.23241  0.38735  0.54229  0.69723  0.85217  
-0.85217  -0.69723  -0.54229  -0.38735  -0.23241  -0.07747  0.07747  0.23241  0.38735  0.54229  0.69723  0.85217 
sbs.hcal.xpos =
-2.575625  -2.575625  -2.575625  -2.575625  -2.575625  -2.575625  -2.575625  -2.575625  -2.575625  -2.575625  -2.575625  -2.575625  
-2.416875  -2.416875  -2.416875  -2.416875  -2.416875  -2.416875  -2.416875  -2.416875  -2.416875  -2.416875  -2.416875  -2.416875  
-2.258125  -2.258125  -2.258125  -2.258125  -2.258125  -2.258125  -2.258125  -2.258125  -2.258125  -2.258125  -2.258125  -2.258125  
-2.099375  -2.099375  -2.099375  -2.099375  -2.099375  -2.099375  -2.099375  -2.099375  -2.099375  -2.099375  -2.099375  -2.099375  
-1.940625  -1.940625  -1.940625  -1.940625  -1.940625  -1.940625  -1.940625  -1.940625  -1.940625  -1.940625  -1.940625  -1.940625  
-1.781875  -1.781875  -1.781875  -1.781875  -1.781875  -1.781875  -1.781875  -1.781875  -1.781875  -1.781875  -1.781875  -1.781875  
-1.623125  -1.623125  -1.623125  -1.623125  -1.623125  -1.623125  -1.623125  -1.623125  -1.623125  -1.623125  -1.623125  -1.623125  
-1.464375  -1.464375  -1.464375  -1.464375  -1.464375  -1.464375  -1.464375  -1.464375  -1.464375  -1.464375  -1.464375  -1.464375  
-1.305625  -1.305625  -1.305625  -1.305625  -1.305625  -1.305625  -1.305625  -1.305625  -1.305625  -1.305625  -1.305625  -1.305625  
-1.146875  -1.146875  -1.146875  -1.146875  -1.146875  -1.146875  -1.146875  -1.146875  -1.146875  -1.146875  -1.146875  -1.146875  
-0.988125  -0.988125  -0.988125  -0.988125  -0.988125  -0.988125  -0.988125  -0.988125  -0.988125  -0.988125  -0.988125  -0.988125  
-0.829375  -0.829375  -0.829375  -0.829375  -0.829375  -0.829375  -0.829375  -0.829375  -0.829375  -0.829375  -0.829375  -0.829375  
-0.670625  -0.670625  -0.670625  -0.670625  -0.670625  -0.670625  -0.670625  -0.670625  -0.670625  -0.670625  -0.670625  -0.670625  
-0.511875  -0.511875  -0.511875  -0.511875  -0.511875  -0.511875  -0.511875  -0.511875  -0.511875  -0.511875  -0.511875  -0.511875  
-0.353125  -0.353125  -0.353125  -0.353125  -0.353125  -0.353125  -0.353125  -0.353125  -0.353125  -0.353125  -0.353125  -0.353125  
-0.194375  -0.194375  -0.194375  -0.194375  -0.194375  -0.194375  -0.194375  -0.194375  -0.194375  -0.194375  -0.194375  -0.194375  
-0.035625  -0.035625  -0.035625  -0.035625  -0.035625  -0.035625  -0.035625  -0.035625  -0.035625  -0.035625  -0.035625  -0.035625  
0.123125  0.123125  0.123125  0.123125  0.123125  0.123125  0.123125  0.123125  0.123125  0.123125  0.123125  0.123125  
0.281875  0.281875  0.281875  0.281875  0.281875  0.281875  0.281875  0.281875  0.281875  0.281875  0.281875  0.281875  
0.440625  0.440625  0.440625  0.440625  0.440625  0.440625  0.440625  0.440625  0.440625  0.440625  0.440625  0.440625  
0.599375  0.599375  0.599375  0.599375  0.599375  0.599375  0.599375  0.599375  0.599375  0.599375  0.599375  0.599375  
0.758125  0.758125  0.758125  0.758125  0.758125  0.758125  0.758125  0.758125  0.758125  0.758125  0.758125  0.758125  
0.916875  0.916875  0.916875  0.916875  0.916875  0.916875  0.916875  0.916875  0.916875  0.916875  0.916875  0.916875  
1.075625  1.075625  1.075625  1.075625  1.075625  1.075625  1.075625  1.075625  1.075625  1.075625  1.075625  1.075625

## TOF vs proton momentum pol4 fit correction to time
sbs.hcal.tofcorr_p = 1 0 0 0

## TOF vs neutron momentum pol4 fit correction to time
sbs.hcal.tofcorr_n = 0 0 0 0

## Mininum energy for a cluster element, set to 5 MeV
sbs.hcal.emin = 0.005

## Maximum time difference between cluster seed and additional clusters, set to 1000 ns by default
sbs.hcal.tmax = 1000.0

## Maximum distance difference between cluster seed and additional clusters, set to 0.3 m
sbs.hcal.Rmax_dis = 0.3

## Add good time cut at 806ns
sbs.hcal.tdc.GoodTimeCut = 806

## adc channels to mV assume F250 set fot 2V for 4096
sbs.hcal.adc.conv = 0.4882
# Threshold for pulse finding in waveform (mV)
sbs.hcal.adc.thres = 5.0
# Number of bins (bin=4ns) at the beginning of waveform used to determing average Pedestal
sbs.hcal.adc.NPedBin = 4
# Number of bins (bin=4ns) before Threshold Bin to use in integrating pulse
sbs.hcal.adc.NSB = 3 #3
# Number of bins (bin=4ns) before Threshold Bin to use in integrating pulse
sbs.hcal.adc.NSA = 10 #10
# Number of bin for fixed Threshold if no Threshold Crossing is found
sbs.hcal.adc.FixThresBin = 14
# ADC time alignment parameters (in ns by default)
# Last for pass 2 August 2023
sbs.hcal.adc.timeoffset = 
-70.5736 -70.1619 -70.7674 -71.3174 -55.2229 -57.9851 -58.4168 -55.3145 -68.1137 -69.6513 -73.9952 -69.3104 
-71.9692 -71.5782 -50.9864 -52.6077 -56.6571 -58.2216 -56.4465 -53.9018 -50.9362 -50.8098 -68.3388 -68.6719 
-52.2356 -49.5184 -50.7128 -55.1601 -35.9828 -38.9918 -34.17 -35.2246 -51.373 -50.5536 -49.2365 -50.4696 
-52.924 -51.5244 -52.5798 -50.8857 -37.8981 -39.0053 -38.3317 -38.2289 -50.4937 -51.4124 -50.5083 -49.987 
-51.508 -51.6719 -49.0311 -50.6822 -58.6021 -57.8073 -36.8074 -35.8505 -49.1875 -49.9784 -69.0243 -69.4022 
-51.8691 -51.9514 -51.4758 -50.7443 -55.6877 -59.0535 -39.1693 -36.4982 -50.9524 -49.4758 -70.0592 -70.7422 
-47.4613 -48.4168 -47.9787 -46.602 -36.3452 -33.5313 -37.7265 -35.5033 -51.1927 -49.0999 -51.1292 -52.3918 
-71.6915 -70.6369 -70.3027 -70.1249 -57.0068 -58.0432 -57.5032 -56.1439 -66.9245 -68.3531 -67.73 -69.7423 
-50.6377 -51.4511 -49.6876 -50.7108 -56.1439 -58.139 -35.5495 -35.3751 -49.6266 -49.5135 -68.7021 -69.9383 
-49.5371 -50.5661 -69.8425 -69.1461 -58.3026 -56.9551 -38.1857 -37.5858 -68.969 -67.3057 -69.9143 -69.7339 
-53.3208 -51.3296 -50.449 -50.8153 -59.3346 -57.6726 -39.1697 -39.1592 -51.0838 -50.8185 -68.0186 -69.2247 
-70.4165 -71.9948 -69.4119 -68.4981 -39.0193 -38.6319 -56.3246 -56.0681 -69.2559 -68.6102 -51.6361 -51.6957 
-47.2442 -48.6495 -47.7237 -46.2489 -33.7992 -38.2124 -33.9188 -33.5739 -48.8892 -47.5819 -51.5946 -52.7842 
-53.3778 -50.9809 -51.4974 -49.9889 -40.6097 -38.1032 -40.8158 -38.3103 -51.3072 -49.0471 -52.8482 -51.5572 
-68.556 -70.818 -69.9305 -68.4506 -39.445 -41.253 -56.9761 -56.3319 -69.3896 -65.584 -52.278 -52.3507 
-54.6874 -52.1799 -52.3919 -51.697 -39.3741 -38.9887 -40.7963 -38.7796 -50.2422 -51.248 -51.4693 -53.3467 
-51.9136 -52.0868 -50.3084 -50.4884 -35.478 -41.8856 -35.83 -34.0847 -50.6035 -48.1234 -51.4122 -49.5157 
-53.4694 -51.0741 -57.3094 -50.5205 -41.013 -41.9707 -40.7549 -37.9782 -52.3934 -51.3282 -53.9642 -52.5885 
-50.9157 -48.8363 -52.7903 -49.6021 -39.7288 -38.4682 -38.5684 -39.5648 -51.018 -50.0988 -53.0307 -51.3276 
-52.9753 -53.9297 -52.6824 -52.5971 -37.6417 -38.916 -40.1122 -36.6398 -52.0415 -53.3583 -50.6225 -51.8267 
-50.2016 -49.8101 -52.099 -50.2538 -54.8827 -58.9663 -37.5391 -36.4659 -50.44 -48.7977 -68.7829 -69.3828 
-51.1216 -51.3501 -54.2533 -53.1078 -59.5566 -61.9895 -41.9278 -40.0033 -52.0039 -52.381 -71.155 -72.7621 
-90.0389 -53.916 -53.3522 -53.0887 -58.7525 -61.4495 -37.8452 -39.3435 -53.6543 -52.7464 -70.8238 -73.3127 
-70.041 -68.8764 -71.1287 -71.6082 -59.734 -60.481 -57.3599 -54.3517 -72.2903 -71.8298 -70.321 -70.893

##TDC alignment and time conversion parameters
# Last for pass 2 August 2023
sbs.hcal.tdc.offset =
-941.104 -955.585 -938.067 -944.036 -1073.35 -1046.36 -1021.59 -1066.14 -958.659 -948.653 -917.335 -960.904 
-926.86 -935.948 -939.993 -927.884 -1054.44 -1038.52 -1057.65 -1074.44 -933.748 -938.161 -966.942 -957.407 
-928.892 -961.834 -942.289 -929.741 -1059.61 -1052.08 -1084.22 -1079.4 -927.005 -936.977 -965.319 -952.53 
-910.218 -911.041 -913.487 -927.372 -1033.3 -1021.85 -1020.81 -1023.12 -918.905 -908.32 -926.48 -942.827 
-642.965 -641.608 -653.435 -646.488 -723.88 -749.111 -755.845 -764.652 -649.721 -641.719 -646.593 -645.424 
-937.777 -937.899 -929.882 -941.235 -757.324 -734.303 -1040.6 -1057.27 -936.089 -916.913 -645.463 -634.109 
-981.259 -977.707 -981.87 -982.616 -1087.3 -1089.12 -1054.56 -1076.2 -939.395 -950.85 -952.116 -925.551 
-937.972 -954.601 -951.86 -954.933 -1048.98 -1053.75 -1061.76 -1075.25 -971.227 -954.354 -969.271 -954.916 
-943.024 -945.234 -947.841 -924.808 -1052.18 -1047.58 -1070.19 -1068.23 -946.833 -945.371 -957.966 -943.162 
-960.484 -951.29 -938.084 -956.852 -1041.57 -1047.54 -1059.7 -1059.65 -947.593 -973.367 -958.982 -937.791 
-918.18 -949.852 -938.071 -948.353 -1021.16 -1044.49 -1045.69 -1049.35 -950.765 -951.89 -964.809 -959.861 
-934.752 -931.884 -942.232 -933.93 -1036.63 -1045.14 -1051.81 -1061.17 -940.818 -945.355 -936.127 -929.733 
-654.96 -653.771 -654.899 -661.29 -786.305 -770.286 -771.932 -767.664 -640.672 -654.333 -650.403 -647.17 
-891.068 -912.121 -894.979 -918.655 -986.934 -1019.66 -1002.09 -1024.3 -918.372 -922.713 -891.744 -903.292 
-937.921 -916.079 -913.111 -923.942 -1013.37 -1003.59 -1021.02 -1030.67 -920.21 -959.24 -921.975 -898.182 
-618.039 -640.41 -877.655 -890.649 -1016.41 -1026.1 -732.557 -744.098 -911.965 -900.634 -925.141 -907.507 
-900.482 -922.347 -906.935 -917.718 -1036.57 -1002.76 -1023.73 -1053.39 -912.006 -934.391 -907.143 -939.165 
-1088.49 -1091.89 -1049.96 -1085.09 -986.018 -990.606 -1164.27 -1178.53 -1063.87 -1089.36 -891.846 -889.025 
-900.14 -930.558 -885.556 -915.107 -1163.48 -1155.14 -1002.59 -1002.47 -900.305 -904.132 -1060.43 -1068.13 
-907.443 -896.637 -904.617 -891.929 -1178.36 -1174.27 -1000.42 -1017.66 -902.333 -889.196 -1077.82 -1068.09 
-925.399 -912.155 -890.696 -911.27 -0 -1160.48 -1021.14 -1024.54 -913.787 -910.63 -1079.16 -1052.24 
-936.264 -936.528 -900.944 -905.732 -1013.45 -987.449 -986.848 -1028.22 -910.164 -916.218 -913.289 -916.177 
-1758.6 -885.693 -890.215 -898.504 -998.993 -984.162 -1014.18 -1011.86 -884.503 -895.387 -901.453 -889.406 
-1054.51 -1067.66 -911.912 -924.176 -1000.81 -987.347 -1161.1 -1189.58 -894.14 -906.497 -905.533 -904.125
 
sbs.hcal.tdc.calib = 0.112

# Convert adc integral in pC to GeV
# Current 11.7.21 from all pre-HV change data
# Last for pass 2 August 2023
sbs.hcal.adc.gain =
0.00175  0.00266867  0.00263163  0.00180382  0.00263728  0.00388418  0.0032729  0.00332779  0.00145959  0.00145491  0.00222524  0.00374568  
0.00175  0.0028114  0.00311657  0.0025307  0.00405894  0.00486116  0.00333054  0.000773832  0.00252127  0.00208857  0.00104803  0.00256277  
0.00175  0.00198737  0.00238623  0.00430913  0.00278855  0.00335963  0.000363287  0.00113913  0.00200815  0.00325032  0.000705227  0.0031688  
0.00175  0.00370595  0.00207407  0.00306451  0.00331689  0.0036663  0.00422866  0.0042828  0.00340593  0.00384874  0.00369708  0.00296845  
0.00175  0.00289564  0.0022504  0.00358552  0.00391708  0.0030644  0.00406952  0.00377004  0.00395049  0.00381956  0.0029013  0.00464598  
0.00539881  0.00349153  0.00448787  0.00304349  0.00375916  0.00390164  0.00387628  0.00376272  0.00368679  0.00220399  0.00314926  0.00254265  
0.00169373  0.00130524  0.000499371  0.00105053  0.00160239  0.0018911  0.00409276  0.00350834  0.00380499  0.0035241  0.00326083  0.00311957  
0.0030827  0.00372947  0.00354749  0.00410409  0.00398681  0.00360393  0.0041814  0.00373573  0.00394307  0.00409366  0.00358471  0.00326762  
0.00512732  0.00316712  0.00261164  0.00344284  0.00407833  0.00357008  0.00269456  0.00382326  0.00341881  0.00354069  0.00345132  0.00300717  
0.00260136  0.00288451  0.00337378  0.00403287  0.00381198  0.00336809  0.00390829  0.00362083  0.00378691  0.00366945  0.00291311  0.00305697  
0.00607633  0.00348856  0.00373941  0.00340028  0.00397409  0.00361273  0.00390206  0.00374381  0.00369649  0.00392761  0.00188028  0.00216883  
0.0072298  0.00351787  0.00279565  0.00378837  0.0039464  0.00379998  0.00351333  0.00376323  0.00345517  0.00408954  0.00513079  0.00372126  
0.00234592  0.00113124  0.002047  0.000349804  0.00129677  0.00170089  0.00402288  0.00376448  0.00401382  0.00244221  0.00285002  0.0035386  
0.00660769  0.00187324  0.00380102  0.00320357  0.0025645  0.00374375  0.0033876  0.0039752  0.00301786  0.00384561  0.00360276  0.00379699  
0.00212358  0.00436034  0.002784  0.00335297  0.00370187  0.00379427  0.003603  0.00376664  0.00380142  0.000342218  0.00296277  0.00341337  
0.00335189  0.00226973  0.00417401  0.00353388  0.0032134  0.00282637  0.00396858  0.00406026  0.00349856  0.00356788  0.00334314  0.00356526  
0.00349821  0.00207757  0.00403573  0.00370012  0.00208306  0.00387458  0.00307082  0.00185717  0.00320834  0.00268076  0.00362239  0.00340549  
0.00274887  0.00280964  0.00395978  0.00277742  0.00366665  0.00321317  0.00393939  0.00414705  0.00374169  0.00317923  0.00409142  0.00366691  
0.0050249  0.00292725  0.00399142  0.00300782  0.00422684  0.0032828  0.00349284  0.00376821  0.00303211  0.00337149  0.00369052  0.0037875  
0.00432152  0.0028822  0.0033263  0.00347412  0.00411259  0.00334474  0.00351754  0.00280423  0.00364167  0.00401237  0.00432813  0.00372496  
0.0045194  0.00289505  0.00570356  0.0032781  0.00327939  0.00367401  0.00287404  0.00425624  0.00397668  0.00325994  0.00323758  0.00445164  
0.00265122  0.00206662  0.00425977  0.00410225  0.00414255  0.00434093  0.00423807  0.0039372  0.0037356  0.00286016  0.00336968  0.00348861  
0.00175  0.00403728  0.00294341  0.00330931  0.00363808  0.00412496  0.00338298  0.00353562  0.00400934  0.00339857  0.00421954  0.0049172  
0.00731553  0.00733844  0.00269888  0.00320651  0.00473551  0.00355762  0.00560185  0.00256847  0.00319719  0.0035297  0.003072  0.00416878

## Add kinematics-dependent clustering thresholds (these may need some work)

-------[ 2021-10-10 00:00:00 ] # SBS-1:
## Minimum energy for a cluster center, set to 5 MeV for SBS-1:
sbs.hcal.emin_clSeed = 0.005

--------[ 2021-10-18 16:00:00 ] # SBS-4:
## Minimum energy for a cluster center, set to 10 MeV
#sbs.hcal.emin_clSeed = 0.01
sbs.hcal.emin_clSeed = 0.005
sbs.hcal.emin = 0.005
#sbs.hcal.tdc.tw = 6.3895 13.0121
sbs.hcal.tmax = 21.2339

# First Change in HV for HCAL, calibrated from SBS-8 data after change during SBS-4
# Pass 2 replacement, 9.23
-------[ 2021-10-24 04:30:00 ]
sbs.hcal.adc.gain =
0.00175  0.00114155  0.00297862  0.00359176  0.00238189  0.00336438  0.00475649  0.00649252  0.00527849  0.00518601  0.00355675  0.00374568  
0.00300636  0.0044304  0.00390344  0.00396145  0.00470814  0.00469769  0.00256063  0.00106229  0.00372351  0.00240972  0.00229438  0.00102397  
0.00788777  0.000713016  0.0015953  0.00397066  0.00354068  0.00422767  0.00176964  0.00219962  0.00257158  0.00252735  0.000639923  0.00637616  
0.00279915  0.00393762  0.00287054  0.00312908  0.00288806  0.00308053  0.00443713  0.00470737  0.00421751  0.00452867  0.00398791  0.00087288  
0.00396248  0.00302456  0.00383591  0.00394405  0.00355301  0.00259123  0.00386101  0.00394811  0.00391242  0.00363093  0.00347629  0.00272894  
0.00119894  0.00471207  0.00390398  0.00379465  0.00395199  0.00460464  0.00369093  0.00432516  0.00366836  0.00203051  0.00394812  0.00254265  
0.00151549  0.000461684  0.000421194  0.00112416  0.00249527  0.00256289  0.00445739  0.0034621  0.00383337  0.00386236  0.00286243  0.00154914  
0.0018091  0.00409816  0.00368787  0.00429496  0.00363915  0.00325766  0.00439551  0.00440598  0.0045097  0.0033585  0.00390663  0.00295606  
0.00436517  0.00421821  0.00277412  0.0036555  0.00467906  0.00376048  0.0033794  0.00447821  0.00378246  0.00397803  0.00476605  0.00300717  
0.00219066  0.00299397  0.00349801  0.00435306  0.00407755  0.00380549  0.0045481  0.00391051  0.00374148  0.00331847  0.00256968  0.00305697  
0.00352788  0.00407892  0.00341902  0.00417296  0.00397449  0.00443657  0.00452797  0.00436082  0.00394511  0.00420151  0.00142342  0.00216883  
0.0033152  0.00374452  0.00307234  0.00368675  0.00437126  0.00437213  0.00348805  0.00416478  0.00351576  0.00422155  0.0046825  0.00372126  
0.000310559  0.000737123  0.00108986  0.00101464  0.0014314  0.00227181  0.00459678  0.00428306  0.00405827  0.00247434  0.00333792  0.0035386  
0.00717845  0.00247069  0.003306  0.00235719  0.002338  0.0040595  0.00333041  0.00470743  0.00303383  0.00395947  0.0042114  0.00379699  
0.00172067  0.00420009  0.0025612  0.00351662  0.00429232  0.00401381  0.00404223  0.00416422  0.0037949  0.000205321  0.0044286  0.00341337  
0.00315626  0.0025457  0.00384164  0.00333694  0.00374994  0.00284966  0.00419166  0.00467655  0.00363162  0.00410288  0.00354011  0.00384582  
0.00440891  0.00124189  0.00403544  0.00356068  0.00264459  0.0039619  0.00389857  0.00207693  0.00214095  0.00279739  0.00367047  0.00215238  
0.00350592  0.00277151  0.00362198  0.00273435  0.00399153  0.00329782  0.0042035  0.00508358  0.00386246  0.00317914  0.00465996  0.0036216  
0.00189599  0.00434045  0.003986  0.00330239  0.00444781  0.00342817  0.00392214  0.00459312  0.00253289  0.00356281  0.00419997  0.00230819  
0.00337638  0.00340245  0.00335532  0.0035501  0.00560597  0.00318845  0.0033752  0.00290783  0.00415818  0.00379762  0.00409247  0.00539772  
0.00355846  0.00312597  0.000649809  0.00321941  0.00344759  0.00338599  0.0034098  0.00472686  0.003962  0.00272139  0.00253553  0.0050885  
0.00196786  0.00185623  0.00388062  0.00416467  0.00463984  0.00453672  0.00431508  0.00431473  0.00385285  0.00176832  0.00367533  0.00209481  
0.00211308  0.00446856  0.00294446  0.0036711  0.00382174  0.00428548  0.00372947  0.00379741  0.00415172  0.00384383  0.00428859  0.00354453  
0.00731553  0.00184953  0.00312397  0.0026908  0.00429902  0.0031694  0.00585994  0.00290409  0.00403565  0.00366291  0.00316737  0.00416878

--------[ 2021-11-12 00:00:00 ] ## Starting SBS-7 kinematics for GMN:
## Minimum energy for a cluster center
#sbs.hcal.emin_clSeed = 0.036
sbs.hcal.emin_clSeed = 0.005
sbs.hcal.emin = 0.005
#sbs.hcal.tdc.tw = 0.75 0.49

# Last for pass 2 August 2023
sbs.hcal.adc.timeoffset =
-80.2943 -80.941 -81.7462 -82.3545 -66.5386 -69.4845 -70.438 -67.7809 -80.1684 -81.2848 -85.1955 -80.3091 
-81.5584 -82.6563 -61.6192 -63.6926 -68.2457 -69.4378 -68.0151 -67.8469 -63.3932 -62.5749 -79.832 -79.4488 
-62.6363 -59.2833 -61.541 -66.4669 -47.7235 -50.7551 -46.6656 -46.8274 -62.5963 -62.13 -60.7821 -61.6976 
-63.561 -62.6789 -64.0576 -62.3009 -49.5986 -50.6705 -50.2848 -50.1356 -62.2843 -62.9549 -61.7281 -61.2111 
-62.0771 -62.3755 -60.4197 -62.4416 -70.5324 -69.7774 -49.1893 -47.965 -61.4877 -61.8702 -80.5495 -80.3415 
-62.5858 -62.9776 -62.8581 -62.3656 -67.7093 -71.0462 -51.2896 -48.9027 -63.4632 -61.3545 -81.8699 -82.1161 
-58.271 -58.6454 -59.1127 -57.9167 -48.839 -45.5534 -49.7759 -47.8083 -63.5131 -61.0845 -62.8153 -63.3013 
-82.0356 -81.4939 -81.5054 -81.5375 -68.7162 -69.7601 -69.5559 -68.1999 -78.6728 -80.0269 -79.2669 -80.6256 
-61.1743 -62.2675 -61.0551 -62.0358 -67.7889 -69.8072 -47.7247 -47.4213 -61.6693 -61.4591 -80.3341 -81.2294 
-59.9881 -61.5608 -81.1165 -80.7652 -70.0033 -69.0054 -50.2356 -49.5996 -80.8339 -79.033 -81.5726 -80.8454 
-63.9042 -62.0811 -61.5681 -62.2286 -71.0604 -69.5329 -51.0624 -51.2279 -63.1476 -62.8323 -79.423 -80.1092 
-80.8534 -82.7047 -80.4575 -79.5205 -50.3748 -50.2823 -68.2171 -67.8063 -80.7958 -80.2404 -62.9627 -62.9131 
-57.0356 -58.4069 -58.2828 -57.9324 -44.742 -49.7799 -45.429 -45.3093 -60.629 -59.1263 -62.708 -63.5734 
-63.5539 -61.0767 -62.1084 -60.9719 -51.6939 -49.2448 -52.0056 -49.7807 -62.6822 -60.4925 -63.948 -62.6437 
-78.9847 -81.1661 -80.7907 -79.4781 -50.7148 -52.5176 -68.4412 -67.746 -80.8357 -77.6342 -63.4141 -63.4315 
-64.5499 -62.3022 -63.0794 -62.5893 -50.4843 -50.1494 -52.0333 -50.1091 -61.4308 -62.4478 -62.6928 -64.3897 
-61.9437 -62.2979 -60.9986 -61.2542 -46.0744 -52.7021 -47.0001 -45.0278 -61.4822 -59.164 -62.2521 -60.1962 
-63.0343 -61.105 -67.5226 -61.0285 -51.8606 -52.6782 -51.8669 -49.0885 -63.5451 -62.3553 -64.8457 -63.2297 
-61.3104 -59.1403 -63.2229 -60.1598 -50.4807 -49.4516 -49.5741 -50.5448 -61.9219 -60.9359 -63.8042 -61.6351 
-63.2524 -63.9764 -63.3359 -63.2979 -48.7895 -49.7646 -50.7455 -47.376 -62.8032 -63.9746 -61.4685 -62.4239 
-60.6199 -60.0673 -61.4503 -60.9895 -68.1752 -70.0106 -48.3208 -47.3549 -61.3041 -59.4575 -79.5417 -79.9563 
-60.7433 -61.4938 -64.5995 -63.8656 -70.1414 -72.7465 -52.6629 -50.7941 -62.757 -63.1084 -81.761 -83.1599 
-101.145 -64.3631 -63.83 -63.552 -68.9872 -71.9315 -48.4694 -49.7557 -64.0659 -63.2646 -81.3633 -83.2925 
-80.0919 -78.9201 -81.3728 -81.9329 -69.9885 -70.9098 -67.3562 -64.5586 -82.3569 -81.9032 -80.6889 -80.8866

# Last for pass 2 August 2023
sbs.hcal.tdc.offset =
-877.823 -899.161 -875.427 -881.368 -1000.35 -989.116 -969.461 -994.211 -885.594 -880.659 -847.683 -892.295 
-869.41 -879.874 -871.632 -866.44 -986.28 -977.763 -992.279 -996.537 -860.029 -870.491 -901.531 -884.867 
-860.567 -898.827 -878.51 -870.027 -994.468 -983.358 -1010.03 -1003.91 -863.391 -871.924 -895.471 -892.744 
-851.098 -848.4 -850.468 -856.185 -960.134 -968.259 -953.523 -957.52 -852.437 -841.08 -859.781 -877.392 
-571.201 -572.295 -589.076 -578.669 -654.339 -672.942 -682.43 -684.049 -576.983 -573.607 -580.159 -580.133 
-871.575 -877.56 -867.108 -872.531 -685.757 -666.463 -966.027 -976.094 -859.308 -860.111 -570.133 -572.391 
-925.398 -905.571 -912.994 -912.352 -1012.87 -1019.45 -985.927 -1005.17 -865.382 -876.616 -880.277 -884.815 
-880.435 -893.906 -881.637 -886.255 -983.344 -983.437 -991.805 -1005.61 -900.637 -883.506 -891.102 -901.543 
-880.204 -885.104 -883.823 -880.256 -991.005 -976.275 -991.552 -1000.87 -876.723 -876.126 -886.621 -878.576 
-896.794 -893.109 -894.154 -895.883 -980.169 -973.252 -990.438 -987.556 -876.143 -900.639 -884.416 -877.369 
-867.676 -894.482 -881.078 -886.205 -959.981 -983.643 -978.221 -978.114 -878.463 -872.082 -894.895 -892.606 
-879.852 -877.94 -883.764 -881.782 -977.325 -979.561 -983.746 -994.663 -867.717 -875.299 -871.652 -876.01 
-609.741 -599.993 -595.012 -596.637 -725.542 -703.057 -709.745 -699.008 -568.706 -580.849 -584.66 -585.597 
-847.286 -853.384 -841.808 -858.217 -928.797 -960.976 -941.3 -962.902 -853.251 -858.999 -830.684 -849.069 
-885.222 -863.676 -851.832 -868.372 -959.613 -947.733 -962.497 -967.25 -856.546 -886.063 -853.396 -858.654 
-571.677 -592.143 -838.373 -831.658 -962.554 -968.76 -677.482 -685.786 -853.308 -838.019 -867.228 -863.532 
-857.918 -866.831 -866.645 -861.502 -980.681 -947.558 -970.912 -992.961 -854.344 -874.586 -845.823 -880.894 
-1027.25 -1047.1 -1002.57 -1031.07 -937.013 -935.82 -1105.01 -1122.26 -1003.16 -1028.86 -834.133 -843.724 
-851.21 -881.209 -837.316 -863.249 -1106.81 -1098.39 -944.825 -944.2 -848.245 -850.103 -1000.04 -1022.63 
-854.046 -850.304 -843.37 -842.151 -1115.27 -1123.21 -945.998 -968.614 -848.982 -832.407 -1022.05 -1010.16 
-871.231 -863.402 -851.849 -849.306 -1092.41 -1099.86 -965.241 -966.713 -853.744 -855.56 -1021.7 -1010.66 
-875.378 -890.182 -852.458 -853.445 -961.056 -938.802 -936.326 -973.304 -850.852 -857.899 -859.234 -866.508 
-867.709 -844.513 -840.048 -851.32 -950.686 -929.557 -957.792 -956.443 -835.887 -843.611 -848.864 -831.48 
-1030.12 -1028.52 -862.867 -872.957 -950.613 -930.189 -1110.72 -1131.48 -849.237 -861.147 -857.62 -852.903

--------[ 2021-11-23 00:00:00 ] ## starting SBS-11 kinematics for GMN
## Minimum energy for a cluster center
#sbs.hcal.emin_clSeed = 0.048
sbs.hcal.emin_clSeed = 0.005
sbs.hcal.emin = 0.005
#sbs.hcal.tdc.tw = 0.50 0.50

# Last for pass 2 August 2023
sbs.hcal.adc.timeoffset =
-80.3236 -80.8561 -81.5352 -81.9917 -66.3185 -68.9374 -70.0832 -67.1075 -79.4662 -80.7457 -84.7717 -79.7163 
-80.9088 -82.3208 -61.1922 -63.5846 -67.8661 -69.2488 -67.3897 -66.2425 -62.3956 -62.1258 -79.3844 -77.5243 
-62.4553 -59.4836 -61.099 -66.1367 -47.4322 -50.1636 -46.1957 -46.4531 -62.2499 -61.9387 -60.2432 -61.0669 
-63.2208 -62.0701 -63.8061 -61.5971 -49.2301 -50.4503 -49.535 -49.6902 -61.4436 -62.5258 -61.3893 -60.2189 
-61.8785 -62.1275 -59.9693 -62.0488 -70.3938 -69.7371 -48.6893 -47.5189 -60.9748 -61.3314 -80.0307 -79.6213 
-62.424 -62.7454 -62.2098 -62.1872 -67.2719 -70.7349 -50.9 -48.507 -62.8285 -61.0435 -81.253 -80.8871 
-57.9818 -58.874 -58.9002 -57.293 -48.0523 -44.557 -49.4896 -47.2828 -63.0226 -60.8865 -62.3351 -60.4696 
-81.9534 -81.28 -81.1734 -81.2193 -68.4644 -69.3461 -69.1137 -67.8473 -78.5299 -79.7073 -78.8518 -79.8732 
-61.1181 -62.0922 -60.4346 -61.6573 -67.5874 -69.6666 -47.4493 -46.9769 -61.5264 -61.0232 -79.8944 -80.4571 
-59.6313 -61.2045 -80.8354 -80.4137 -69.7311 -68.6239 -49.9818 -49.2537 -80.5654 -78.9453 -80.9475 -80.3695 
-63.7017 -61.8776 -61.033 -61.9264 -70.6248 -69.1295 -50.837 -50.7176 -62.6654 -62.4525 -79.0423 -79.1427 
-80.2211 -82.469 -80.2421 -78.9081 -50.0672 -49.9386 -67.8425 -67.3739 -80.5159 -79.9939 -62.5162 -61.9841 
-57.2564 -58.5158 -58.2386 -57.6783 -44.5613 -49.5495 -45.0635 -44.9433 -60.1887 -58.6867 -62.2036 -62.8284 
-63.5047 -60.9657 -61.7407 -60.6685 -51.2349 -48.9291 -51.7578 -49.4863 -62.1968 -60.0887 -63.6059 -61.5939 
-78.6146 -80.9556 -80.3393 -79.1376 -50.344 -52.1736 -68.0757 -67.4872 -80.4367 -79.4799 -62.7655 -62.63 
-64.4386 -61.9595 -62.618 -62.1288 -49.8441 -49.5582 -51.7217 -49.728 -60.8852 -62.0167 -61.7795 -63.2849 
-61.7765 -62.0195 -60.5156 -60.5785 -45.8143 -52.2703 -46.4642 -44.8135 -61.281 -58.8291 -62.135 -58.8483 
-62.7312 -60.8525 -67.1743 -60.4527 -51.3145 -52.3111 -51.2652 -48.6236 -63.214 -62.1112 -64.5759 -62.0805 
-60.8614 -59.5228 -62.9417 -59.8423 -50.1036 -48.7858 -49.124 -50.1517 -61.4799 -60.5657 -63.4327 -60.9701 
-62.8932 -63.5037 -62.79 -63.1308 -48.7052 -49.1889 -50.5408 -46.8997 -62.5234 -63.622 -61.0359 -61.6566 
-60.4279 -59.8332 -61.9551 -60.6608 -68.0262 -69.4332 -48.2463 -46.8963 -60.8784 -59.1077 -79.1123 -79.06 
-60.5074 -61.2304 -64.3055 -63.3369 -70.0273 -72.3917 -52.3694 -50.3017 -62.4492 -63.0216 -81.3527 -81.9922 
-60.0191 -64.2534 -63.5201 -63.1401 -68.9136 -71.5796 -47.8611 -49.3226 -63.6467 -62.8019 -80.8952 -82.8428 
-79.1627 -78.2471 -81.0242 -81.8132 -69.623 -70.5314 -67.0658 -64.0609 -81.7888 -81.4848 -80.3644 -79.9454

# Last for pass 2 August 2023
sbs.hcal.tdc.offset =
-862.967 -867.357 -866.867 -865.241 -994.356 -963.103 -958.623 -974.511 -864.393 -856.35 -849.638 -892.317 
-848.518 -865.171 -855.885 -848.756 -967.541 -957.19 -976.138 -983.874 -844.319 -860.894 -875.463 -864.578 
-853.624 -883.292 -861.119 -846.254 -976.949 -970.514 -984.091 -986.648 -850.81 -862.182 -878.745 -871.524 
-823.481 -826.225 -827.62 -845.177 -943.666 -948.294 -932.915 -937.525 -843.143 -836.453 -851.301 -858.848 
-559.339 -561.358 -562.679 -559.561 -635.43 -657.043 -660.866 -670.195 -565.161 -560.926 -564.381 -576.739 
-858.9 -860.37 -848.384 -850.482 -666.273 -642.938 -949.421 -959.893 -844.404 -840.036 -563.494 -557.079 
-901.777 -894.936 -902.595 -900.375 -997.477 -998.193 -963.136 -985.809 -854.704 -866.193 -861.364 -856.133 
-866.455 -878.281 -867.739 -872.909 -968.145 -964.148 -977.766 -981.018 -884.743 -870.554 -887.189 -883.506 
-875.306 -866.968 -866.325 -858.816 -965.609 -958.093 -980.661 -976.657 -861.538 -867.61 -876.617 -858.799 
-878.871 -873.942 -871.776 -874.977 -951.123 -963.342 -972.374 -970.593 -863.008 -892.385 -867.174 -869.383 
-843.871 -872.506 -860.65 -871.151 -935.507 -958.382 -956.085 -958.837 -863.402 -868.807 -868.295 -869.298 
-870.664 -853.644 -862.002 -868.966 -955.782 -960.578 -964.523 -973.04 -860.55 -863 -856.376 -852.469 
-604.099 -584.664 -579.501 -582.67 -706.61 -687.628 -689.082 -682.129 -557.556 -568.25 -570.48 -579.6 
-825.936 -837.8 -820.867 -843.103 -909.035 -939.507 -922.425 -944.812 -835.08 -847.901 -816.995 -835.286 
-859.473 -840.512 -837.838 -847.867 -933.617 -924.842 -941.564 -947.985 -843.334 -880.981 -844.788 -840.412 
-559.466 -568.79 -816.006 -816.576 -941.719 -953.092 -655.167 -664.734 -835.835 -823.469 -847.55 -839.379 
-840.157 -850.923 -845.883 -848.984 -963.073 -931.884 -955.812 -973.991 -839.168 -854.438 -843.019 -884.821 
-1023.53 -1024.13 -982.789 -1017.99 -917.81 -923.015 -1089.46 -1102.6 -985.673 -1007.83 -819.664 -839.328 
-836.623 -866.709 -815.459 -845.553 -1097.21 -1083.75 -930.649 -929.74 -828.471 -830.551 -982.464 -1014.82 
-838.01 -831.209 -829.103 -829.272 -1103.45 -1102.77 -927.19 -954.508 -828.44 -813.693 -1010.07 -1004.11 
-853.482 -844.296 -828.189 -836.894 -0 -1086.44 -945.824 -952.357 -839.628 -838.182 -1000.55 -1007.04 
-869.073 -866.125 -830.719 -835.214 -946.808 -923.786 -918.932 -953.275 -842.816 -841.841 -842.653 -848.234 
-846.554 -838.763 -829.51 -836.234 -930.162 -913.141 -942.342 -939.606 -821.117 -836.696 -845.582 -833.844 
-1010.81 -1015.23 -845.48 -855.147 -929.159 -915.95 -1096.79 -1119.73 -832.211 -842.072 -840.238 -835.651 

--------[ 2022-01-06 12:00:00 ] ## starting SBS-14 kinematics for GMN:
## Minimum energy for a cluster center
#sbs.hcal.emin_clSeed = 0.027
sbs.hcal.emin_clSeed = 0.005
sbs.hcal.emin = 0.005
#sbs.hcal.tdc.tw = 0.48 0.50

# Last for pass 2 August 2023
sbs.hcal.adc.timeoffset =
-76.1833 -77.1 -77.7788 -78.3061 -62.6158 -65.5548 -66.3567 -63.501 -75.9212 -77.1219 -80.9658 -76.2939 
-77.2609 -78.1537 -57.6805 -59.5794 -63.6283 -65.4277 -63.608 -61.8358 -58.8145 -58.7362 -75.5646 -75.7375 
-58.5381 -55.2675 -57.3468 -62.3032 -43.2994 -46.3601 -42.0361 -42.8383 -58.4776 -58.3901 -56.6373 -57.5959 
-59.2336 -58.4664 -59.8299 -57.9105 -45.1987 -46.3951 -45.7384 -45.6044 -57.728 -58.8879 -57.6768 -57.1299 
-58.0234 -58.0459 -55.9841 -57.9752 -66.2603 -65.1504 -44.5181 -43.8033 -57.0724 -57.665 -76.2367 -76.2082 
-58.5016 -58.6064 -58.1938 -57.9929 -63.2017 -66.6078 -46.9085 -44.1942 -59.0714 -57.4849 -77.8855 -78.1514 
-53.8651 -54.4243 -54.6771 -52.8745 -43.7066 -40.3607 -45.0566 -43.2945 -59.1967 -57.0451 -58.7903 -55.9124 
-77.8528 -77.2427 -76.9103 -76.6844 -63.5705 -64.5215 -64.5303 -63.5058 -74.496 -75.8944 -75.203 -76.3192 
-57.2116 -58.1391 -56.2761 -57.3963 -62.8902 -64.9595 -42.8411 -42.5641 -57.4738 -57.3173 -76.2542 -77.2663 
-55.9006 -57.1331 -76.7863 -76.2303 -65.2756 -64.0651 -45.4534 -45.0206 -76.74 -75.0111 -77.5753 -76.8496 
-59.9234 -57.9747 -57.3521 -57.8373 -66.617 -65.0148 -46.6514 -46.8404 -58.9157 -58.6441 -75.281 -75.9503 
-76.6964 -78.5292 -76.3257 -75.2568 -46.2527 -46.1993 -63.9305 -63.4743 -76.6381 -76.2604 -59.0866 -58.7441 
-53.0202 -54.4896 -54.1738 -53.3454 -40.4419 -45.2556 -40.9477 -40.8127 -56.3235 -54.9202 -58.7301 -59.6227 
-59.226 -57.065 -57.8872 -56.8219 -47.1165 -44.8822 -47.6451 -45.421 -58.5869 -56.2985 -59.9419 -58.4826 
-74.7701 -77.0324 -76.5476 -75.2686 -46.4317 -48.3457 -64.0133 -63.6536 -76.8016 -74.1434 -59.3643 -59.6352 
-60.643 -58.4166 -58.944 -58.4065 -46.368 -46.1016 -48.1047 -46.1671 -57.4092 -58.4022 -58.7407 -60.3775 
-58.1277 -58.4245 -56.8929 -57.1811 -42.237 -48.9686 -43.0945 -41.0899 -57.6602 -55.1998 -58.2755 -56.1233 
-59.1785 -57.1239 -63.759 -56.8259 -47.4319 -48.6662 -47.5332 -44.5473 -59.2733 -58.31 -60.8353 -59.141 
-57.3989 -55.0608 -59.0562 -55.9145 -46.1498 -44.9725 -44.8351 -45.8362 -57.4966 -56.7203 -59.6534 -57.6376 
-59.2357 -60.0353 -58.9243 -59.2487 -44.7296 -45.3037 -46.4047 -42.7857 -58.4982 -59.9257 -57.105 -58.4171 
-56.7388 -56.2685 -57.4072 -57.1336 -64.1271 -65.8499 -44.2075 -43.052 -57.0807 -55.3203 -75.4988 -75.8062 
-56.8527 -57.617 -60.7093 -59.7842 -66.1923 -68.7512 -48.7867 -46.5565 -58.7504 -59.2826 -77.6859 -79.0684 
-40.4529 -60.4312 -59.7705 -59.6376 -65.2602 -68.0793 -44.2788 -45.4533 -59.7986 -58.9963 -77.2954 -79.5193 
-75.7049 -74.8759 -77.3668 -78.2737 -66.127 -66.5553 -62.999 -59.9769 -78.0105 -77.7875 -76.7004 -76.7263

# Last for pass 2 August 2023
sbs.hcal.tdc.offset =
-600.874 -610.434 -606.436 -599.337 -727.451 -711 -697.104 -725.865 -609.965 -600.259 -584.676 -621.464 
-588.189 -607.093 -611.481 -597.782 -720.2 -701.806 -721.874 -683.576 -582.448 -597.1 -617.678 -616.144 
-599.761 -629.061 -613.739 -597.393 -715.01 -707.597 -729.135 -728.448 -588.11 -601.143 -626.913 -626.021 
-567.52 -579.105 -575.896 -595.998 -697.591 -693.857 -685.467 -678.099 -576.7 -572.851 -593.212 -610.726 
-580.06 -582.058 -588.457 -580.947 -653.675 -680.557 -678.283 -685.877 -570.586 -567.184 -578.206 -581.445 
-608.926 -606.834 -599.546 -606.101 -689.726 -665.426 -701.893 -710.478 -587.258 -586.396 -568.621 -576.975 
-645.551 -640.421 -650.139 -661.362 -749.798 -759.118 -719.759 -738.167 -597.38 -606.224 -614.013 -610.915 
-613.56 -626.254 -626.39 -629.848 -728.287 -735.46 -737.891 -745.95 -629.143 -614.607 -630.154 -622.051 
-612.973 -615.88 -621.882 -617.332 -727.397 -724.034 -740.424 -738.222 -597.528 -602.531 -616.631 -605.846 
-630.012 -619.94 -619.151 -629.092 -714.672 -717.429 -729.672 -723.28 -606.948 -630.992 -618.23 -604.343 
-588.732 -622.654 -608.173 -616.384 -688.061 -707.824 -709.716 -711.546 -604.126 -609.295 -613.279 -619.835 
-601.629 -603.273 -613.263 -609.262 -701.233 -701.66 -706.931 -721.979 -594.412 -605.959 -600.384 -606.866 
-604.737 -598.532 -596.566 -601.886 -724.98 -701.157 -704.282 -702.033 -571.387 -581.415 -582.648 -572.939 
-578.44 -581.308 -571.457 -592.343 -664.313 -689.771 -666.336 -692.01 -579.461 -583.577 -552.752 -577.696 
-604.315 -586.764 -581.019 -594.139 -676.236 -669.497 -683.474 -691.667 -583.06 -604.802 -593.012 -576.339 
-563.831 -579.118 -557.023 -557.791 -683.015 -691.015 -662.753 -671.691 -572.369 -561.107 -594.6 -597.118 
-577.16 -592.969 -585.775 -587.371 -704.592 -669.344 -693.524 -717.774 -580.399 -595.582 -578.175 -622.207 
-756.4 -769.706 -722.275 -759.121 -658.901 -661.791 -830.114 -850.61 -736.464 -755.943 -563.231 -566.718 
-586.934 -612.746 -566.408 -592.473 -843.289 -828.143 -685.676 -685.034 -582.884 -577.116 -730.159 -747.931 
-578.456 -575.038 -571.904 -577.439 -848.494 -847.325 -679.648 -700.678 -575.733 -553.511 -752.034 -742.473 
-600.294 -588.36 -540.793 -575.476 -831.158 -826.556 -689.046 -691.883 -580.296 -585.585 -742.422 -741.63 
-602.67 -606.221 -571.208 -575.798 -680.941 -663.243 -653.569 -696.67 -582.493 -590.161 -578.673 -596.887 
-592.216 -569.064 -559.352 -567.969 -671.998 -652.595 -685.303 -683.753 -558.917 -569.863 -571.67 -573.489 
-744.816 -754.178 -591.039 -603.176 -677.965 -658.222 -837.34 -860.96 -574.943 -586.279 -583.609 -587.324

--------[ 2022-01-21 12:00:00 ] ## starting SBS-8 kinematics 
## Minimum energy for a cluster center: we use the same threshold for SBS-8/9 since they have pretty much the same nucleon energy:
#sbs.hcal.emin_clSeed = 0.016
sbs.hcal.emin_clSeed = 0.005
sbs.hcal.emin = 0.005
#sbs.hcal.tdc.tw = 0.46 0.50

# Last for pass 2 August 2023
sbs.hcal.adc.timeoffset =
-66.9779 -67.2754 -68.0524 -68.5101 -52.7859 -55.6078 -56.4675 -53.5765 -66.0983 -67.5641 -71.3972 -67.6286 
-67.819 -68.7569 -47.791 -49.8504 -54.3503 -55.8823 -53.8789 -52.2638 -48.9387 -48.8272 -65.7706 -66.2414 
-49.0269 -45.5076 -47.2751 -52.4224 -33.481 -36.7608 -32.568 -33.1504 -48.9636 -48.5702 -46.7863 -48.8332 
-49.9544 -48.5966 -49.8655 -48.0566 -35.4325 -36.754 -36.1582 -36.1456 -48.3167 -49.2484 -48.2392 -48.1987 
-48.2365 -48.4024 -46.0041 -48.0442 -56.348 -55.7268 -34.9662 -34.006 -47.3959 -47.9402 -66.6753 -67.0692 
-49.1464 -49.0266 -48.3247 -48.1191 -53.2899 -56.7541 -37.1222 -34.7848 -49.3168 -47.6878 -67.9127 -68.8755 
-44.0456 -44.5156 -44.3883 -43.4243 -34.3954 -31.2826 -35.5881 -33.6234 -49.4054 -47.2885 -49.0483 -48.9825 
-68.4178 -67.5622 -67.2221 -67.3262 -54.5598 -55.7182 -55.3589 -54.0982 -64.869 -66.1465 -65.3244 -67.7577 
-47.4111 -48.3684 -46.5791 -47.9427 -53.6444 -55.8935 -33.6778 -33.2557 -47.7384 -47.5253 -66.3735 -68.2946 
-46.1733 -47.4646 -66.898 -66.478 -55.8732 -54.7368 -36.1374 -35.6222 -66.956 -65.2734 -67.764 -67.8229 
-50.025 -48.1891 -47.3201 -48.0098 -56.7747 -55.3092 -36.9432 -37.0639 -49.0128 -48.7293 -65.4495 -66.5442 
-67.0147 -68.7408 -66.4381 -65.4926 -36.3594 -36.1986 -54.1301 -53.7003 -66.8338 -66.3067 -49.1281 -49.8486 
-43.1249 -44.8785 -44.6889 -43.898 -31.0289 -35.9336 -31.412 -31.1057 -46.5471 -45.0809 -48.9554 -50.2172 
-49.7094 -47.4939 -48.3209 -47.309 -37.8064 -35.3754 -38.1323 -35.7261 -48.6278 -46.4461 -50.1169 -49.1768 
-65.1804 -67.3582 -66.8485 -65.4909 -36.6387 -38.4576 -54.2178 -53.6527 -66.7796 -63.3106 -49.4562 -49.6372 
-51.0145 -48.5357 -48.8868 -48.4614 -36.1956 -35.8998 -37.7847 -35.8289 -47.225 -48.2829 -48.9275 -51.0856 
-48.3338 -48.4238 -46.7233 -47.0443 -31.9216 -38.5113 -32.6461 -30.844 -47.4861 -45.0226 -48.441 -46.2051 
-49.6594 -47.2826 -53.5701 -46.9526 -37.5012 -38.5243 -37.5061 -34.7884 -49.3656 -48.2984 -50.9375 -49.5974 
-47.7078 -45.4578 -49.3754 -46.273 -36.4638 -35.261 -35.4904 -36.4812 -47.9142 -46.862 -49.7626 -48.0994 
-49.3926 -50.1755 -49.2925 -49.3941 -35.0074 -35.7236 -36.958 -33.3386 -48.8005 -49.9716 -47.323 -49.1943 
-47.1367 -46.3323 -47.4997 -47.1818 -54.2873 -55.8092 -34.2635 -33.0869 -47.0556 -45.2874 -65.5228 -66.569 
-47.4043 -47.8173 -50.5393 -49.6047 -56.0845 -58.3859 -38.3856 -36.3604 -48.5153 -49.0688 -67.7818 -69.5675 
-87.1834 -50.349 -49.7621 -49.4091 -54.8463 -57.6154 -34.1318 -35.5408 -49.7949 -48.8471 -67.3746 -70.4034 
-65.623 -65.012 -67.1323 -67.9737 -55.9405 -56.6787 -53.1122 -50.3407 -68.2475 -67.7867 -66.7852 -67.7274

# Last for pass 2 August 2023
sbs.hcal.tdc.offset =
-703.195 -711.508 -695.676 -699.417 -829.429 -806.204 -792.172 -815.641 -703.245 -698.011 -665.924 -692.988 
-689.625 -679.63 -701.484 -684.208 -808.364 -795.277 -816.135 -831.991 -682.231 -684.958 -699.899 -696.317 
-689.262 -729.223 -705.272 -690.611 -816.605 -807.484 -828.3 -827.071 -680.598 -686.844 -708.19 -695.049 
-666.465 -672.566 -672.503 -687.175 -793.163 -793.411 -777.755 -778.209 -669.648 -648.441 -664.213 -680.052 
-650.496 -673.963 -663.389 -675.265 -751.368 -775.942 -779.451 -784.417 -660.651 -657.122 -658.892 -659.406 
-682.713 -696.896 -691.983 -698.735 -783.603 -759.789 -797.374 -807.748 -680.545 -669.5 -649.864 -643.48 
-741.059 -745.053 -747.66 -744.981 -836.904 -836.998 -809.743 -826.577 -673.786 -693.289 -686.379 -699.428 
-695.927 -716.057 -713.653 -714.281 -808.774 -813.576 -816.972 -828.868 -718.079 -693.673 -715.472 -699.618 
-701.776 -706.341 -711.127 -699.699 -808.434 -805.104 -820.047 -822.642 -696.284 -693.248 -704.24 -678.673 
-710.119 -714.576 -712.871 -716.595 -799.319 -803.086 -813.251 -811.267 -698.572 -722.563 -697.733 -674.484 
-671.278 -697.896 -701.854 -709.269 -781.592 -801.876 -801.148 -801.186 -701.866 -695.315 -715.764 -706.02 
-689.924 -696.396 -703.892 -708.431 -797.545 -803.449 -807.712 -816.562 -693.948 -692.358 -677.884 -677.019 
-708.164 -692.439 -687.72 -690.789 -816.477 -792.643 -799.643 -793.812 -663.49 -674.442 -673.074 -658.065 
-656.657 -676.59 -660.477 -681.889 -750.061 -780.786 -762.554 -783.37 -674.012 -681.249 -633.609 -651.899 
-689.088 -681.409 -676.674 -687.263 -774.95 -766.508 -782.117 -790.485 -675.803 -717.588 -683.279 -660.382 
-655.316 -678.345 -658.065 -657.09 -783.9 -792.626 -766.664 -777.088 -674.673 -657.953 -672.5 -667.48 
-659.492 -693.651 -686.918 -688.462 -807.56 -773.438 -797.297 -820.668 -681.047 -696.544 -671.021 -701.668 
-856.757 -863.814 -821.465 -855.577 -758.17 -761.827 -931.897 -944.869 -827.618 -852.944 -638.618 -656.48 
-664.015 -693.421 -654.699 -681.352 -929.909 -911.746 -768.103 -767.808 -667.845 -668.583 -818.407 -832.209 
-665.647 -664.396 -670.403 -666.685 -936.612 -939.62 -766.369 -792.067 -664.669 -653.535 -840.755 -817.476 
-681.115 -681.401 -684.987 -672.933 -928.141 -914.171 -786.58 -791.127 -680.922 -678.498 -835.05 -816.965 
-692.659 -708.701 -673.692 -677.472 -783.966 -767.559 -758.338 -797.2 -680.529 -674.116 -664.666 -665.21 
-676.282 -652.475 -664.42 -674.151 -775.765 -759.015 -787.649 -782.822 -651.249 -668.682 -667.482 -642.199 
-829.849 -835.612 -691.659 -686.531 -771.427 -749.333 -940.476 -954.805 -668.493 -684.534 -677.212 -658.296

--------[ 2022-02-02 00:00:00 ] ## starting SBS-9 kinematics
#sbs.hcal.tdc.tw = 0.55 0.50

# Last for pass 2 August 2023
sbs.hcal.adc.timeoffset =
-69.2339 -69.5094 -70.2718 -70.8928 -55.0271 -57.9954 -58.697 -56.1921 -68.4669 -69.8499 -73.5172 -69.2264 
-69.763 -70.8349 -49.9972 -52.0926 -56.6112 -58.0138 -55.9815 -54.3101 -51.1437 -51.0739 -67.6979 -21.2143 
-50.724 -47.2113 -49.4857 -54.6917 -35.628 -38.9971 -34.6401 -35.4476 -51.1545 -50.8097 -49.138 -50.7819 
-51.5301 -50.1797 -51.7368 -49.9187 -37.2772 -38.779 -38.282 -38.2759 -50.6257 -51.4142 -50.3106 -49.9094 
-49.8252 -49.8853 -47.6513 -49.3062 -57.4707 -57.2919 -36.9225 -36.0977 -49.5848 -50.046 -68.9082 -68.9086 
-50.3249 -50.4976 -49.7349 -48.9807 -53.6793 -57.2778 -38.3122 -36.6156 -51.4133 -49.9049 -70.0094 -70.9769 
-45.5551 -46.2268 -45.5463 -44.0569 -34.7611 -31.6083 -36.1777 -34.868 -51.3642 -49.3945 -51.1903 -15.2833 
-70.0588 -69.2334 -68.6642 -68.2001 -55.0829 -56.1537 -56.0197 -55.2412 -66.6978 -68.0763 -67.3583 -69.3282 
-49.4087 -50.236 -48.3166 -49.3072 -54.7487 -56.8479 -34.6963 -34.5245 -49.4424 -49.4977 -68.453 -69.6203 
-48.016 -49.4112 -68.8115 -68.3879 -57.6729 -56.4798 -37.6946 -37.254 -68.8116 -67.1403 -69.7074 -69.2155 
-52.0157 -50.0481 -49.0987 -49.811 -58.5381 -57.0121 -38.6424 -38.8327 -50.998 -50.7771 -67.449 -67.7338 
-68.5358 -70.5399 -68.1124 -66.8815 -37.6984 -37.5102 -55.4775 -55.1776 -68.6041 -68.1724 -51.213 -51.2146 
-44.715 -46.4537 -46.0725 -45.063 -32.2489 -37.1826 -32.7746 -32.675 -48.3368 -47.021 -50.9713 -51.7358 
-51.3737 -49.2489 -49.9772 -48.955 -39.4192 -37.0248 -39.8162 -37.4602 -50.5581 -48.3472 -52.2034 -50.7438 
-67.3145 -69.4149 -68.7461 -67.4816 -38.7388 -40.609 -56.4647 -55.8333 -68.8382 -65.5088 -51.5683 -51.9688 
-52.9416 -50.5655 -51.1348 -50.7092 -38.6189 -38.3227 -40.2099 -38.1162 -49.3727 -50.3742 -50.7649 -52.4062 
-50.3457 -50.3032 -48.8142 -49.1929 -34.0713 -40.7432 -34.7587 -32.8399 -49.5536 -47.1915 -50.4613 -49.1738 
-51.5368 -49.1298 -55.4926 -48.7326 -39.3262 -40.3323 -39.3588 -36.7109 -51.3939 -50.4726 -53.1276 -50.5008 
-49.4831 -47.3751 -51.2311 -47.9352 -38.162 -36.9557 -37.2451 -38.3754 -49.9743 -49.0194 -51.8466 -49.1683 
-51.4322 -52.1415 -51.2955 -51.2939 -36.9096 -37.6777 -38.9589 -35.406 -50.9376 -52.1042 -49.5167 -51.1548 
-48.6964 -48.4036 -49.3163 -49.2315 -56.4459 -58.1051 -36.5928 -35.4041 -49.2931 -47.5006 -67.6973 -68.4313 
-49.3767 -50.0416 -52.8721 -51.9379 -58.5276 -60.9009 -40.7906 -38.6644 -50.8504 -51.342 -69.8279 -71.7516 
-88.7756 -52.7066 -51.9734 -51.8542 -57.1442 -59.9652 -36.3713 -37.8864 -52.0679 -51.1701 -69.4175 -72.6804 
-67.6562 -67.0894 -69.4708 -70.0751 -58.224 -58.9257 -55.4196 -52.6322 -70.5129 -70.0953 -69.0405 -70.0479

# Last for pass 2 August 2023
sbs.hcal.tdc.offset =
-682.214 -684.288 -668.197 -674.167 -808.452 -774.163 -776.751 -779.973 -673.475 -681.977 -634.393 -684.704 
-669.644 -673.389 -677.198 -660.43 -789.135 -776.303 -790.829 -800.537 -648.824 -655.589 -679.065 -1069.95 
-662.411 -707.845 -672.575 -666.303 -794.807 -788.157 -797.524 -809.691 -655.523 -663.932 -690.59 -683.37 
-647.986 -655.642 -652.495 -669.525 -773.608 -776.73 -756.308 -750.833 -640.409 -649.105 -646.588 -666.97 
-651.888 -657.367 -667.776 -665.097 -742.47 -762.82 -746.808 -764.923 -639.545 -630.139 -636.201 -640.462 
-685.737 -681.333 -680.213 -691.072 -777.671 -754.752 -790.66 -788.776 -651.686 -668.329 -626.956 -623.982 
-726.244 -726.789 -734.193 -737.701 -830.609 -834.049 -804.995 -814.491 -674.652 -666.031 -668.398 -689.293 
-682.223 -696.796 -699.308 -703.838 -799.395 -805.335 -811.419 -820.526 -706.549 -688.865 -694.825 -683.266 
-671.666 -683.076 -689.501 -682.458 -793.306 -791.153 -807.516 -810.684 -680.427 -667.551 -674.271 -667.375 
-703.299 -692.22 -689.166 -689.84 -770.461 -777.269 -791.163 -793.635 -679.189 -696.268 -692.065 -663.245 
-652.133 -679.183 -678.253 -684.451 -752.585 -774.943 -777.221 -782.304 -683.513 -669.481 -699.89 -691.138 
-671.998 -675.122 -684.52 -688.85 -776.743 -782.772 -788.354 -799.212 -677.817 -676.043 -670.38 -658.968 
-680.834 -664.888 -664.004 -672.258 -794.034 -771.834 -779.158 -774.263 -646.512 -658.683 -643.246 -643.107 
-641.98 -646.775 -637.184 -653.952 -722.195 -751.795 -735.867 -761.254 -655.428 -661.787 -616.813 -635.041 
-677.669 -654.571 -645.945 -655.627 -742.179 -732.71 -748.165 -759.152 -656.727 -688.405 -665.566 -639.658 
-635.328 -653.159 -623.299 -623.171 -748.376 -757.472 -729.995 -741.365 -651.521 -642.264 -672.596 -652.13 
-652.158 -669.434 -660.711 -655.828 -775.018 -741.788 -766.886 -790.042 -660.926 -675.078 -656.534 -680.182 
-838.527 -839.875 -791.225 -834.094 -737.107 -733.74 -902.102 -927.109 -808.267 -832.535 -635.283 -639.3 
-647.729 -668.582 -635.47 -664.573 -912.443 -895.144 -750.978 -748.154 -644.128 -647.1 -798.444 -818.822 
-650.362 -646.537 -647.184 -644.101 -913.221 -916.459 -736.239 -768.435 -646.71 -632.947 -825.763 -797.254 
-665.008 -658.635 -738.217 -645.826 -895.293 -892.152 -752.659 -757.916 -658.314 -661.636 -824.185 -798.97 
-685.367 -682.273 -648.225 -642.204 -746.997 -731.744 -729.233 -771.854 -647.156 -657.33 -661.315 -657.954 
-650.17 -647.291 -645.991 -646.115 -749.476 -724.589 -760.906 -751.309 -632.612 -643.604 -640.721 -624.598 
-813.064 -819.019 -663.936 -677.721 -749.876 -742.339 -921.059 -932.418 -655.437 -671.202 -647.723 -634.229

--------[ 2022-07-26 00:00:00 ] ## Switch to HCAL VTP
## crate slot start_channel end_channel ref_channel(0:HCal cosmic, 2:Beam)
sbs.hcal.detmap =
  28   3      0     15 2
  28   4      0     15 2
  28   5      0     15 2
  28   6      0     15 2
  28   7      0     15 2
  28   8      0     15 2
  28   9      0     15 2
  28   10     0     15 2
  28   13     0     15 2
  28   14     0     15 2
  28   15     0     15 2
  28   16     0     15 2
  28   17     0     15 2
  28   18     0     15 2
  28   19     0     15 2
  28   20     0     15 2
  29   19     0     15 2
  29   20     0     15 2
  17    4     0    31 2 # 32 channels
  17    4     32   63 2 # 32 channels
  17    5     0    31 2 # 32 channels
  17    5     32   63 2 # 32 channels
  17    6     0    31 2 # 32 channels
  17    6     32   63 2 # 32 channels
  17    7     0    31 2 # 32 channels
  17    7     32   63 2 # 32 channels
  17    8     0    31 2 # 32 channels
  17    8     32   32 2 # 1 channel. Sum module trigger copy (logical). sbs.hcal.Ref.tdc[0]
  17    8     34   34 2 # 1 channel. Copy of DVCS pulser EDTM signal (logical). sbs.hcal.Ref.tdc[1]
  17    8     35   35 2 # 1 channel. Copy of BB trigger (logical). TDC reference channel. sbs.hcal.Ref.tdc[2]
  17    8     36   36 2 # 1 channel. RF (logical). sbs.hcal.Ref.tdc[3]

sbs.hcal.tdc.offset =
-255.089 -416.532 -393.487 -402.913 -535.913 -530.18 -521.514 -543.425 -432.352 -420.028 -406.365 -289.242 
-243.437 -383.583 -393.023 -379.848 -514.825 -371.881 -529.954 -400.384 -241.362 -403.64 -435.75 -629.603 
-255.089 -410.515 -372.995 -375.809 -515.888 -516.408 -526.897 -535.411 -402.644 -399.003 -425.688 -428.222 
-255.089 -349.941 -361.187 -375.357 -480.367 -482.35 -480.101 -489.967 -384.275 -374.554 -399.135 -386.155 
37.7369 37.7369 -368.109 -360.472 -441.668 -467.429 -477 -486.783 -370.315 -366.594 -376.323 -385.58 
-235.554 -386.344 -373.5 -388.779 -473.803 -462.507 -353.454 -510.313 -389.731 -385.8 -363.532 -616.12 
-399.71 -426.92 -426.97 -435.672 -536.185 -376.566 -508.749 -523.64 -391.067 -396.66 -412.292 -398.105 
-237.403 -384.463 -411.263 -411.832 -517.25 -515.87 -527.031 -543.161 -427.954 -410.88 -498.628 -326.899 
-228.23 -242.476 -399.39 -415.13 -524.294 -510.961 -568.526 -534.513 -406.229 -407.837 -409.682 -394.965 
-264.492 -406.385 -410.625 -432.64 -506.842 -501.633 -523.12 -522.128 -405.181 -404.577 -414.42 -580.003 
-244.469 -988.767 -388.691 -387.282 -473.998 -502.161 -492.577 -494.096 -403.091 -408.475 -411.136 -402.801 
-279.31 -368.531 -380.236 -374.214 -496.431 -485.945 -497.301 -517.318 -393.592 -397.87 -413.25 -412.55 
-962.787 -388.285 -359.717 -371.256 -502.619 -492.473 -485.914 -501.683 -359.892 -390.609 -322.524 -352.157 
-162.826 -366.922 -208.193 -374.38 -436.81 -479.18 -461.975 -486.766 -385.606 -391.376 -439.896 -1003.73 
-284.253 -371.905 -358.464 -367.958 -462.544 -464.326 -479.82 -481.063 -380.956 -404.697 -386.012 -380.578 
71.9046 53.9639 -204.36 -169.394 -470.444 -474.81 -460.765 -474.784 -363.892 -357.033 -377.781 -389.638 
-173.474 -376.831 -225.315 -357.786 -494.467 -464.163 -488.387 -510.513 -371.77 -383.251 -363.163 -381.859 
-378.623 -412.626 -356.16 -397.236 -441.701 -446.567 -615.823 -638.497 -509.665 -540.093 -359.464 -364.498 
-231.297 -224.988 -342.389 -377.188 -602.853 -616.045 -460.001 -469.285 -365.927 -379.683 -533.427 -552.228 
-192.577 -225.169 -361.716 -359.929 -618.082 -640.699 -467.281 -502.313 -386.676 -366.239 -561.882 -580.323 
-215 -249.078 181.426 -362.799 0 -624.867 -490.073 -501.826 -391.695 -379.706 -558.066 -554.61 
-283.694 -244.419 -207.656 -361.887 -494.705 -472.02 -473.179 -563.496 -408.067 -410.907 -412.161 -410.228 
-177.125 -177.125 -193.566 -209.582 -320.489 -300.679 -333.885 -336.691 -397.13 -399.489 -410.341 -397.343 
-261.816 -362.358 -243.51 -395.149 -495.528 -489.251 -472.425 -685.298 -395.039 -408.429 -588.32 -212.978

--------[ 2023-01-20 12:08:00 ] ## Moved noisy channel idx 63 to edge of acceptance (63->61, 61->63)
sbs.hcal.adc.gain =
0.00175  0.00266867  0.00263163  0.00180382  0.00263728  0.00185798  0.0024062  0.00332779  0.00145959  0.00145491  0.00222524  0.00374568  
0.00175  0.0028114  0.00168388  0.00165362  0.00176223  0.00191629  0.00127553  0.00033258  0.000987108  0.00208857  0.00104803  0.00256277  
0.00175  0.000549083  0.000775478  0.00143323  0.00133923  0.00150582  0.000878316  0.00116677  0.00122135  0.00180183  0.000868816  0.0031688  
0.00175  0.00165191  0.00138037  0.00117046  0.00117154  0.00130065  0.00149967  0.00168174  0.00171157  0.00208062  0.00191594  0.00296845  
0.00175  0.00131023  0.0015652  0.00146996  0.00149789  0.00122581  0.0015918  0.0015631  0.00183514  0.00202092  0.00184944  0.00272894  
0.00157432  0.00224432  0.00539881  0.00144749  0.00150163  0.00162213  0.00117414  0.00165062  0.00156161  0.00147743  0.00173477  0.00254265  
0.00169373  0.000275533  0.000298944  0.000599265  0.00105645  0.00086871  0.00160354  0.00151191  0.00183094  0.00200068  0.00173649  0.00311957  
0.0030827  0.00186074  0.00144928  0.00160785  0.00141713  0.00129993  0.00175116  0.00180068  0.00199998  0.00208202  0.00197725  0.00326762  
0.00512732  0.00154451  0.000979505  0.00125333  0.00154216  0.00139283  0.00116208  0.00143264  0.00162997  0.00190801  0.00176975  0.00300717  
0.00260136  0.00148176  0.00146341  0.00166698  0.0014947  0.00141715  0.00175344  0.00170741  0.00169573  0.00209187  0.00155949  0.00305697  
0.00607633  0.00171058  0.00137975  0.00161664  0.00163906  0.00177731  0.00175405  0.00177746  0.00180745  0.00197599  0.00126722  0.00216883  
0.0072298  0.00174206  0.00140851  0.00154404  0.00161964  0.00169163  0.00147921  0.00176682  0.00154032  0.00213906  0.00240923  0.00372126  
0.000449533  0.000488912  0.000590922  0.000582451  0.000745794  0.00101917  0.00161642  0.00168821  0.00159181  0.00142471  0.00228241  0.0035386  
0.00660769  0.00120219  0.00137378  0.00110814  0.00108169  0.00150119  0.00135809  0.00178457  0.00133372  0.00214296  0.00270455  0.00379699  
0.00212358  0.0017905  0.00117037  0.00140173  0.00156192  0.00156128  0.00162737  0.00171791  0.00172918  0.000244951  0.00250264  0.00341337  
0.00335189  0.00127896  0.00148071  0.00133853  0.00136398  0.00118429  0.00160078  0.00182872  0.00147448  0.00191438  0.00274045  0.00356526  
0.00349821  0.000794794  0.00150729  0.00127622  0.00111391  0.00139497  0.00137369  0.000975249  0.00109081  0.00155438  0.00195526  0.00340549  
0.00274887  0.00140077  0.00135238  0.00107242  0.0015003  0.00127913  0.00167818  0.00187533  0.0015864  0.0015361  0.00244788  0.00366691  
0.0050249  0.00292725  0.00159332  0.00131823  0.00154002  0.00129025  0.00152842  0.00172602  0.00125051  0.00149605  0.0020386  0.0037875  
0.00432152  0.00164664  0.00152238  0.00133137  0.0018508  0.00123938  0.00137083  0.00119434  0.0016172  0.00155701  0.00168128  0.00372496  
0.0045194  0.00171242  0.000476805  0.001309  0.00130803  0.00128104  0.00124791  0.00160076  0.00154403  0.00131706  0.00138985  0.00410904  
0.00265122  0.00116889  0.00190811  0.00166903  0.00179654  0.00185825  0.00169268  0.00158463  0.00158704  0.00105741  0.00183152  0.00338812  
0.00175  0.00403728  0.00184311  0.00188862  0.00164165  0.00163744  0.00149042  0.00142973  0.00163888  0.00171401  0.00262937  0.00308539  
0.00731553  0.00733844  0.00269888  0.00236267  0.00204097  0.00246712  0.00241754  0.00240661  0.00195007  0.00151657  0.00263376  0.00416878